{
 "cells": [
  {
   "cell_type": "code",
   "execution_count": 209,
   "id": "c6dd07bd",
   "metadata": {},
   "outputs": [],
   "source": [
    "import pandas as pd\n",
    "import numpy as np\n",
    "import matplotlib.pyplot as plt\n",
    "%matplotlib inline "
   ]
  },
  {
   "cell_type": "code",
   "execution_count": 235,
   "id": "c026b890",
   "metadata": {},
   "outputs": [
    {
     "name": "stdout",
     "output_type": "stream",
     "text": [
      "\n",
      "Requirement already satisfied: joblib>=0.11 in c:\\users\\anuj\\anaconda3\\lib\\site-packages (from scikit-learn) (1.1.0)\n",
      "Requirement already satisfied: scipy>=0.19.1 in c:\\users\\anuj\\anaconda3\\lib\\site-packages (from scikit-learn) (1.7.1)\n",
      "Requirement already satisfied: numpy>=1.13.3 in c:\\users\\anuj\\anaconda3\\lib\\site-packages (from scikit-learn) (1.20.3)\n",
      "Requirement already satisfied: threadpoolctl>=2.0.0 in c:\\users\\anuj\\anaconda3\\lib\\site-packages (from scikit-learn) (2.2.0)\n",
      "Requirement already satisfied: scikit-learn in c:\\users\\anuj\\anaconda3\\lib\\site-packages (0.24.2)\n",
      "Requirement already satisfied: numpy>=1.13.3 in c:\\users\\anuj\\anaconda3\\lib\\site-packages (from scikit-learn) (1.20.3)\n",
      "Requirement already satisfied: scipy>=0.19.1 in c:\\users\\anuj\\anaconda3\\lib\\site-packages (from scikit-learn) (1.7.1)\n",
      "Requirement already satisfied: joblib>=0.11 in c:\\users\\anuj\\anaconda3\\lib\\site-packages (from scikit-learn) (1.1.0)\n",
      "Requirement already satisfied: threadpoolctl>=2.0.0 in c:\\users\\anuj\\anaconda3\\lib\\site-packages (from scikit-learn) (2.2.0)\n"
     ]
    }
   ],
   "source": [
    "!pip install scikit-learn"
   ]
  },
  {
   "cell_type": "code",
   "execution_count": 236,
   "id": "ac8a3e3c",
   "metadata": {},
   "outputs": [],
   "source": [
    "from sklearn.datasets import load_boston"
   ]
  },
  {
   "cell_type": "code",
   "execution_count": 237,
   "id": "892e8d9f",
   "metadata": {},
   "outputs": [],
   "source": [
    "# !pip install scikit-learn"
   ]
  },
  {
   "cell_type": "code",
   "execution_count": 238,
   "id": "5a5fc0a2",
   "metadata": {},
   "outputs": [],
   "source": [
    "bostan_df=load_boston()\n",
    "keys=bostan_df.keys()\n",
    "# bostan_df"
   ]
  },
  {
   "cell_type": "code",
   "execution_count": 239,
   "id": "a61c03fe",
   "metadata": {},
   "outputs": [
    {
     "name": "stdout",
     "output_type": "stream",
     "text": [
      ".. _boston_dataset:\n",
      "\n",
      "Boston house prices dataset\n",
      "---------------------------\n",
      "\n",
      "**Data Set Characteristics:**  \n",
      "\n",
      "    :Number of Instances: 506 \n",
      "\n",
      "    :Number of Attributes: 13 numeric/categorical predictive. Median Value (attribute 14) is usually the target.\n",
      "\n",
      "    :Attribute Information (in order):\n",
      "        - CRIM     per capita crime rate by town\n",
      "        - ZN       proportion of residential land zoned for lots over 25,000 sq.ft.\n",
      "        - INDUS    proportion of non-retail business acres per town\n",
      "        - CHAS     Charles River dummy variable (= 1 if tract bounds river; 0 otherwise)\n",
      "        - NOX      nitric oxides concentration (parts per 10 million)\n",
      "        - RM       average number of rooms per dwelling\n",
      "        - AGE      proportion of owner-occupied units built prior to 1940\n",
      "        - DIS      weighted distances to five Boston employment centres\n",
      "        - RAD      index of accessibility to radial highways\n",
      "        - TAX      full-value property-tax rate per $10,000\n",
      "        - PTRATIO  pupil-teacher ratio by town\n",
      "        - B        1000(Bk - 0.63)^2 where Bk is the proportion of black people by town\n",
      "        - LSTAT    % lower status of the population\n",
      "        - MEDV     Median value of owner-occupied homes in $1000's\n",
      "\n",
      "    :Missing Attribute Values: None\n",
      "\n",
      "    :Creator: Harrison, D. and Rubinfeld, D.L.\n",
      "\n",
      "This is a copy of UCI ML housing dataset.\n",
      "https://archive.ics.uci.edu/ml/machine-learning-databases/housing/\n",
      "\n",
      "\n",
      "This dataset was taken from the StatLib library which is maintained at Carnegie Mellon University.\n",
      "\n",
      "The Boston house-price data of Harrison, D. and Rubinfeld, D.L. 'Hedonic\n",
      "prices and the demand for clean air', J. Environ. Economics & Management,\n",
      "vol.5, 81-102, 1978.   Used in Belsley, Kuh & Welsch, 'Regression diagnostics\n",
      "...', Wiley, 1980.   N.B. Various transformations are used in the table on\n",
      "pages 244-261 of the latter.\n",
      "\n",
      "The Boston house-price data has been used in many machine learning papers that address regression\n",
      "problems.   \n",
      "     \n",
      ".. topic:: References\n",
      "\n",
      "   - Belsley, Kuh & Welsch, 'Regression diagnostics: Identifying Influential Data and Sources of Collinearity', Wiley, 1980. 244-261.\n",
      "   - Quinlan,R. (1993). Combining Instance-Based and Model-Based Learning. In Proceedings on the Tenth International Conference of Machine Learning, 236-243, University of Massachusetts, Amherst. Morgan Kaufmann.\n",
      "\n"
     ]
    }
   ],
   "source": [
    "print(bostan_df.DESCR)"
   ]
  },
  {
   "cell_type": "code",
   "execution_count": 240,
   "id": "249e8e46",
   "metadata": {},
   "outputs": [],
   "source": [
    "df=pd.DataFrame(bostan_df.data)\n",
    "df.columns=bostan_df.feature_names"
   ]
  },
  {
   "cell_type": "code",
   "execution_count": 241,
   "id": "dd899d50",
   "metadata": {},
   "outputs": [
    {
     "data": {
      "text/html": [
       "<div>\n",
       "<style scoped>\n",
       "    .dataframe tbody tr th:only-of-type {\n",
       "        vertical-align: middle;\n",
       "    }\n",
       "\n",
       "    .dataframe tbody tr th {\n",
       "        vertical-align: top;\n",
       "    }\n",
       "\n",
       "    .dataframe thead th {\n",
       "        text-align: right;\n",
       "    }\n",
       "</style>\n",
       "<table border=\"1\" class=\"dataframe\">\n",
       "  <thead>\n",
       "    <tr style=\"text-align: right;\">\n",
       "      <th></th>\n",
       "      <th>CRIM</th>\n",
       "      <th>ZN</th>\n",
       "      <th>INDUS</th>\n",
       "      <th>CHAS</th>\n",
       "      <th>NOX</th>\n",
       "      <th>RM</th>\n",
       "      <th>AGE</th>\n",
       "      <th>DIS</th>\n",
       "      <th>RAD</th>\n",
       "      <th>TAX</th>\n",
       "      <th>PTRATIO</th>\n",
       "      <th>B</th>\n",
       "      <th>LSTAT</th>\n",
       "    </tr>\n",
       "  </thead>\n",
       "  <tbody>\n",
       "    <tr>\n",
       "      <th>0</th>\n",
       "      <td>0.00632</td>\n",
       "      <td>18.0</td>\n",
       "      <td>2.31</td>\n",
       "      <td>0.0</td>\n",
       "      <td>0.538</td>\n",
       "      <td>6.575</td>\n",
       "      <td>65.2</td>\n",
       "      <td>4.0900</td>\n",
       "      <td>1.0</td>\n",
       "      <td>296.0</td>\n",
       "      <td>15.3</td>\n",
       "      <td>396.90</td>\n",
       "      <td>4.98</td>\n",
       "    </tr>\n",
       "    <tr>\n",
       "      <th>1</th>\n",
       "      <td>0.02731</td>\n",
       "      <td>0.0</td>\n",
       "      <td>7.07</td>\n",
       "      <td>0.0</td>\n",
       "      <td>0.469</td>\n",
       "      <td>6.421</td>\n",
       "      <td>78.9</td>\n",
       "      <td>4.9671</td>\n",
       "      <td>2.0</td>\n",
       "      <td>242.0</td>\n",
       "      <td>17.8</td>\n",
       "      <td>396.90</td>\n",
       "      <td>9.14</td>\n",
       "    </tr>\n",
       "    <tr>\n",
       "      <th>2</th>\n",
       "      <td>0.02729</td>\n",
       "      <td>0.0</td>\n",
       "      <td>7.07</td>\n",
       "      <td>0.0</td>\n",
       "      <td>0.469</td>\n",
       "      <td>7.185</td>\n",
       "      <td>61.1</td>\n",
       "      <td>4.9671</td>\n",
       "      <td>2.0</td>\n",
       "      <td>242.0</td>\n",
       "      <td>17.8</td>\n",
       "      <td>392.83</td>\n",
       "      <td>4.03</td>\n",
       "    </tr>\n",
       "    <tr>\n",
       "      <th>3</th>\n",
       "      <td>0.03237</td>\n",
       "      <td>0.0</td>\n",
       "      <td>2.18</td>\n",
       "      <td>0.0</td>\n",
       "      <td>0.458</td>\n",
       "      <td>6.998</td>\n",
       "      <td>45.8</td>\n",
       "      <td>6.0622</td>\n",
       "      <td>3.0</td>\n",
       "      <td>222.0</td>\n",
       "      <td>18.7</td>\n",
       "      <td>394.63</td>\n",
       "      <td>2.94</td>\n",
       "    </tr>\n",
       "    <tr>\n",
       "      <th>4</th>\n",
       "      <td>0.06905</td>\n",
       "      <td>0.0</td>\n",
       "      <td>2.18</td>\n",
       "      <td>0.0</td>\n",
       "      <td>0.458</td>\n",
       "      <td>7.147</td>\n",
       "      <td>54.2</td>\n",
       "      <td>6.0622</td>\n",
       "      <td>3.0</td>\n",
       "      <td>222.0</td>\n",
       "      <td>18.7</td>\n",
       "      <td>396.90</td>\n",
       "      <td>5.33</td>\n",
       "    </tr>\n",
       "    <tr>\n",
       "      <th>...</th>\n",
       "      <td>...</td>\n",
       "      <td>...</td>\n",
       "      <td>...</td>\n",
       "      <td>...</td>\n",
       "      <td>...</td>\n",
       "      <td>...</td>\n",
       "      <td>...</td>\n",
       "      <td>...</td>\n",
       "      <td>...</td>\n",
       "      <td>...</td>\n",
       "      <td>...</td>\n",
       "      <td>...</td>\n",
       "      <td>...</td>\n",
       "    </tr>\n",
       "    <tr>\n",
       "      <th>501</th>\n",
       "      <td>0.06263</td>\n",
       "      <td>0.0</td>\n",
       "      <td>11.93</td>\n",
       "      <td>0.0</td>\n",
       "      <td>0.573</td>\n",
       "      <td>6.593</td>\n",
       "      <td>69.1</td>\n",
       "      <td>2.4786</td>\n",
       "      <td>1.0</td>\n",
       "      <td>273.0</td>\n",
       "      <td>21.0</td>\n",
       "      <td>391.99</td>\n",
       "      <td>9.67</td>\n",
       "    </tr>\n",
       "    <tr>\n",
       "      <th>502</th>\n",
       "      <td>0.04527</td>\n",
       "      <td>0.0</td>\n",
       "      <td>11.93</td>\n",
       "      <td>0.0</td>\n",
       "      <td>0.573</td>\n",
       "      <td>6.120</td>\n",
       "      <td>76.7</td>\n",
       "      <td>2.2875</td>\n",
       "      <td>1.0</td>\n",
       "      <td>273.0</td>\n",
       "      <td>21.0</td>\n",
       "      <td>396.90</td>\n",
       "      <td>9.08</td>\n",
       "    </tr>\n",
       "    <tr>\n",
       "      <th>503</th>\n",
       "      <td>0.06076</td>\n",
       "      <td>0.0</td>\n",
       "      <td>11.93</td>\n",
       "      <td>0.0</td>\n",
       "      <td>0.573</td>\n",
       "      <td>6.976</td>\n",
       "      <td>91.0</td>\n",
       "      <td>2.1675</td>\n",
       "      <td>1.0</td>\n",
       "      <td>273.0</td>\n",
       "      <td>21.0</td>\n",
       "      <td>396.90</td>\n",
       "      <td>5.64</td>\n",
       "    </tr>\n",
       "    <tr>\n",
       "      <th>504</th>\n",
       "      <td>0.10959</td>\n",
       "      <td>0.0</td>\n",
       "      <td>11.93</td>\n",
       "      <td>0.0</td>\n",
       "      <td>0.573</td>\n",
       "      <td>6.794</td>\n",
       "      <td>89.3</td>\n",
       "      <td>2.3889</td>\n",
       "      <td>1.0</td>\n",
       "      <td>273.0</td>\n",
       "      <td>21.0</td>\n",
       "      <td>393.45</td>\n",
       "      <td>6.48</td>\n",
       "    </tr>\n",
       "    <tr>\n",
       "      <th>505</th>\n",
       "      <td>0.04741</td>\n",
       "      <td>0.0</td>\n",
       "      <td>11.93</td>\n",
       "      <td>0.0</td>\n",
       "      <td>0.573</td>\n",
       "      <td>6.030</td>\n",
       "      <td>80.8</td>\n",
       "      <td>2.5050</td>\n",
       "      <td>1.0</td>\n",
       "      <td>273.0</td>\n",
       "      <td>21.0</td>\n",
       "      <td>396.90</td>\n",
       "      <td>7.88</td>\n",
       "    </tr>\n",
       "  </tbody>\n",
       "</table>\n",
       "<p>506 rows × 13 columns</p>\n",
       "</div>"
      ],
      "text/plain": [
       "        CRIM    ZN  INDUS  CHAS    NOX     RM   AGE     DIS  RAD    TAX  \\\n",
       "0    0.00632  18.0   2.31   0.0  0.538  6.575  65.2  4.0900  1.0  296.0   \n",
       "1    0.02731   0.0   7.07   0.0  0.469  6.421  78.9  4.9671  2.0  242.0   \n",
       "2    0.02729   0.0   7.07   0.0  0.469  7.185  61.1  4.9671  2.0  242.0   \n",
       "3    0.03237   0.0   2.18   0.0  0.458  6.998  45.8  6.0622  3.0  222.0   \n",
       "4    0.06905   0.0   2.18   0.0  0.458  7.147  54.2  6.0622  3.0  222.0   \n",
       "..       ...   ...    ...   ...    ...    ...   ...     ...  ...    ...   \n",
       "501  0.06263   0.0  11.93   0.0  0.573  6.593  69.1  2.4786  1.0  273.0   \n",
       "502  0.04527   0.0  11.93   0.0  0.573  6.120  76.7  2.2875  1.0  273.0   \n",
       "503  0.06076   0.0  11.93   0.0  0.573  6.976  91.0  2.1675  1.0  273.0   \n",
       "504  0.10959   0.0  11.93   0.0  0.573  6.794  89.3  2.3889  1.0  273.0   \n",
       "505  0.04741   0.0  11.93   0.0  0.573  6.030  80.8  2.5050  1.0  273.0   \n",
       "\n",
       "     PTRATIO       B  LSTAT  \n",
       "0       15.3  396.90   4.98  \n",
       "1       17.8  396.90   9.14  \n",
       "2       17.8  392.83   4.03  \n",
       "3       18.7  394.63   2.94  \n",
       "4       18.7  396.90   5.33  \n",
       "..       ...     ...    ...  \n",
       "501     21.0  391.99   9.67  \n",
       "502     21.0  396.90   9.08  \n",
       "503     21.0  396.90   5.64  \n",
       "504     21.0  393.45   6.48  \n",
       "505     21.0  396.90   7.88  \n",
       "\n",
       "[506 rows x 13 columns]"
      ]
     },
     "execution_count": 241,
     "metadata": {},
     "output_type": "execute_result"
    }
   ],
   "source": [
    "df"
   ]
  },
  {
   "cell_type": "code",
   "execution_count": 242,
   "id": "0ab7a397",
   "metadata": {},
   "outputs": [],
   "source": [
    "df['price']=bostan_df.target"
   ]
  },
  {
   "cell_type": "code",
   "execution_count": 243,
   "id": "97943e3d",
   "metadata": {},
   "outputs": [
    {
     "name": "stdout",
     "output_type": "stream",
     "text": [
      "<class 'pandas.core.frame.DataFrame'>\n",
      "RangeIndex: 506 entries, 0 to 505\n",
      "Data columns (total 14 columns):\n",
      " #   Column   Non-Null Count  Dtype  \n",
      "---  ------   --------------  -----  \n",
      " 0   CRIM     506 non-null    float64\n",
      " 1   ZN       506 non-null    float64\n",
      " 2   INDUS    506 non-null    float64\n",
      " 3   CHAS     506 non-null    float64\n",
      " 4   NOX      506 non-null    float64\n",
      " 5   RM       506 non-null    float64\n",
      " 6   AGE      506 non-null    float64\n",
      " 7   DIS      506 non-null    float64\n",
      " 8   RAD      506 non-null    float64\n",
      " 9   TAX      506 non-null    float64\n",
      " 10  PTRATIO  506 non-null    float64\n",
      " 11  B        506 non-null    float64\n",
      " 12  LSTAT    506 non-null    float64\n",
      " 13  price    506 non-null    float64\n",
      "dtypes: float64(14)\n",
      "memory usage: 55.5 KB\n"
     ]
    }
   ],
   "source": [
    "df.info()"
   ]
  },
  {
   "cell_type": "code",
   "execution_count": 244,
   "id": "ce0ac8de",
   "metadata": {},
   "outputs": [
    {
     "data": {
      "text/plain": [
       "CRIM       506\n",
       "ZN         506\n",
       "INDUS      506\n",
       "CHAS       506\n",
       "NOX        506\n",
       "RM         506\n",
       "AGE        506\n",
       "DIS        506\n",
       "RAD        506\n",
       "TAX        506\n",
       "PTRATIO    506\n",
       "B          506\n",
       "LSTAT      506\n",
       "price      506\n",
       "dtype: int64"
      ]
     },
     "execution_count": 244,
     "metadata": {},
     "output_type": "execute_result"
    }
   ],
   "source": [
    "#null values\n",
    "df.notnull().sum()"
   ]
  },
  {
   "cell_type": "code",
   "execution_count": 245,
   "id": "e4a6d697",
   "metadata": {},
   "outputs": [
    {
     "data": {
      "text/html": [
       "<div>\n",
       "<style scoped>\n",
       "    .dataframe tbody tr th:only-of-type {\n",
       "        vertical-align: middle;\n",
       "    }\n",
       "\n",
       "    .dataframe tbody tr th {\n",
       "        vertical-align: top;\n",
       "    }\n",
       "\n",
       "    .dataframe thead th {\n",
       "        text-align: right;\n",
       "    }\n",
       "</style>\n",
       "<table border=\"1\" class=\"dataframe\">\n",
       "  <thead>\n",
       "    <tr style=\"text-align: right;\">\n",
       "      <th></th>\n",
       "      <th>CRIM</th>\n",
       "      <th>ZN</th>\n",
       "      <th>INDUS</th>\n",
       "      <th>CHAS</th>\n",
       "      <th>NOX</th>\n",
       "      <th>RM</th>\n",
       "      <th>AGE</th>\n",
       "      <th>DIS</th>\n",
       "      <th>RAD</th>\n",
       "      <th>TAX</th>\n",
       "      <th>PTRATIO</th>\n",
       "      <th>B</th>\n",
       "      <th>LSTAT</th>\n",
       "      <th>price</th>\n",
       "    </tr>\n",
       "  </thead>\n",
       "  <tbody>\n",
       "    <tr>\n",
       "      <th>CRIM</th>\n",
       "      <td>1.000000</td>\n",
       "      <td>-0.200469</td>\n",
       "      <td>0.406583</td>\n",
       "      <td>-0.055892</td>\n",
       "      <td>0.420972</td>\n",
       "      <td>-0.219247</td>\n",
       "      <td>0.352734</td>\n",
       "      <td>-0.379670</td>\n",
       "      <td>0.625505</td>\n",
       "      <td>0.582764</td>\n",
       "      <td>0.289946</td>\n",
       "      <td>-0.385064</td>\n",
       "      <td>0.455621</td>\n",
       "      <td>-0.388305</td>\n",
       "    </tr>\n",
       "    <tr>\n",
       "      <th>ZN</th>\n",
       "      <td>-0.200469</td>\n",
       "      <td>1.000000</td>\n",
       "      <td>-0.533828</td>\n",
       "      <td>-0.042697</td>\n",
       "      <td>-0.516604</td>\n",
       "      <td>0.311991</td>\n",
       "      <td>-0.569537</td>\n",
       "      <td>0.664408</td>\n",
       "      <td>-0.311948</td>\n",
       "      <td>-0.314563</td>\n",
       "      <td>-0.391679</td>\n",
       "      <td>0.175520</td>\n",
       "      <td>-0.412995</td>\n",
       "      <td>0.360445</td>\n",
       "    </tr>\n",
       "    <tr>\n",
       "      <th>INDUS</th>\n",
       "      <td>0.406583</td>\n",
       "      <td>-0.533828</td>\n",
       "      <td>1.000000</td>\n",
       "      <td>0.062938</td>\n",
       "      <td>0.763651</td>\n",
       "      <td>-0.391676</td>\n",
       "      <td>0.644779</td>\n",
       "      <td>-0.708027</td>\n",
       "      <td>0.595129</td>\n",
       "      <td>0.720760</td>\n",
       "      <td>0.383248</td>\n",
       "      <td>-0.356977</td>\n",
       "      <td>0.603800</td>\n",
       "      <td>-0.483725</td>\n",
       "    </tr>\n",
       "    <tr>\n",
       "      <th>CHAS</th>\n",
       "      <td>-0.055892</td>\n",
       "      <td>-0.042697</td>\n",
       "      <td>0.062938</td>\n",
       "      <td>1.000000</td>\n",
       "      <td>0.091203</td>\n",
       "      <td>0.091251</td>\n",
       "      <td>0.086518</td>\n",
       "      <td>-0.099176</td>\n",
       "      <td>-0.007368</td>\n",
       "      <td>-0.035587</td>\n",
       "      <td>-0.121515</td>\n",
       "      <td>0.048788</td>\n",
       "      <td>-0.053929</td>\n",
       "      <td>0.175260</td>\n",
       "    </tr>\n",
       "    <tr>\n",
       "      <th>NOX</th>\n",
       "      <td>0.420972</td>\n",
       "      <td>-0.516604</td>\n",
       "      <td>0.763651</td>\n",
       "      <td>0.091203</td>\n",
       "      <td>1.000000</td>\n",
       "      <td>-0.302188</td>\n",
       "      <td>0.731470</td>\n",
       "      <td>-0.769230</td>\n",
       "      <td>0.611441</td>\n",
       "      <td>0.668023</td>\n",
       "      <td>0.188933</td>\n",
       "      <td>-0.380051</td>\n",
       "      <td>0.590879</td>\n",
       "      <td>-0.427321</td>\n",
       "    </tr>\n",
       "    <tr>\n",
       "      <th>RM</th>\n",
       "      <td>-0.219247</td>\n",
       "      <td>0.311991</td>\n",
       "      <td>-0.391676</td>\n",
       "      <td>0.091251</td>\n",
       "      <td>-0.302188</td>\n",
       "      <td>1.000000</td>\n",
       "      <td>-0.240265</td>\n",
       "      <td>0.205246</td>\n",
       "      <td>-0.209847</td>\n",
       "      <td>-0.292048</td>\n",
       "      <td>-0.355501</td>\n",
       "      <td>0.128069</td>\n",
       "      <td>-0.613808</td>\n",
       "      <td>0.695360</td>\n",
       "    </tr>\n",
       "    <tr>\n",
       "      <th>AGE</th>\n",
       "      <td>0.352734</td>\n",
       "      <td>-0.569537</td>\n",
       "      <td>0.644779</td>\n",
       "      <td>0.086518</td>\n",
       "      <td>0.731470</td>\n",
       "      <td>-0.240265</td>\n",
       "      <td>1.000000</td>\n",
       "      <td>-0.747881</td>\n",
       "      <td>0.456022</td>\n",
       "      <td>0.506456</td>\n",
       "      <td>0.261515</td>\n",
       "      <td>-0.273534</td>\n",
       "      <td>0.602339</td>\n",
       "      <td>-0.376955</td>\n",
       "    </tr>\n",
       "    <tr>\n",
       "      <th>DIS</th>\n",
       "      <td>-0.379670</td>\n",
       "      <td>0.664408</td>\n",
       "      <td>-0.708027</td>\n",
       "      <td>-0.099176</td>\n",
       "      <td>-0.769230</td>\n",
       "      <td>0.205246</td>\n",
       "      <td>-0.747881</td>\n",
       "      <td>1.000000</td>\n",
       "      <td>-0.494588</td>\n",
       "      <td>-0.534432</td>\n",
       "      <td>-0.232471</td>\n",
       "      <td>0.291512</td>\n",
       "      <td>-0.496996</td>\n",
       "      <td>0.249929</td>\n",
       "    </tr>\n",
       "    <tr>\n",
       "      <th>RAD</th>\n",
       "      <td>0.625505</td>\n",
       "      <td>-0.311948</td>\n",
       "      <td>0.595129</td>\n",
       "      <td>-0.007368</td>\n",
       "      <td>0.611441</td>\n",
       "      <td>-0.209847</td>\n",
       "      <td>0.456022</td>\n",
       "      <td>-0.494588</td>\n",
       "      <td>1.000000</td>\n",
       "      <td>0.910228</td>\n",
       "      <td>0.464741</td>\n",
       "      <td>-0.444413</td>\n",
       "      <td>0.488676</td>\n",
       "      <td>-0.381626</td>\n",
       "    </tr>\n",
       "    <tr>\n",
       "      <th>TAX</th>\n",
       "      <td>0.582764</td>\n",
       "      <td>-0.314563</td>\n",
       "      <td>0.720760</td>\n",
       "      <td>-0.035587</td>\n",
       "      <td>0.668023</td>\n",
       "      <td>-0.292048</td>\n",
       "      <td>0.506456</td>\n",
       "      <td>-0.534432</td>\n",
       "      <td>0.910228</td>\n",
       "      <td>1.000000</td>\n",
       "      <td>0.460853</td>\n",
       "      <td>-0.441808</td>\n",
       "      <td>0.543993</td>\n",
       "      <td>-0.468536</td>\n",
       "    </tr>\n",
       "    <tr>\n",
       "      <th>PTRATIO</th>\n",
       "      <td>0.289946</td>\n",
       "      <td>-0.391679</td>\n",
       "      <td>0.383248</td>\n",
       "      <td>-0.121515</td>\n",
       "      <td>0.188933</td>\n",
       "      <td>-0.355501</td>\n",
       "      <td>0.261515</td>\n",
       "      <td>-0.232471</td>\n",
       "      <td>0.464741</td>\n",
       "      <td>0.460853</td>\n",
       "      <td>1.000000</td>\n",
       "      <td>-0.177383</td>\n",
       "      <td>0.374044</td>\n",
       "      <td>-0.507787</td>\n",
       "    </tr>\n",
       "    <tr>\n",
       "      <th>B</th>\n",
       "      <td>-0.385064</td>\n",
       "      <td>0.175520</td>\n",
       "      <td>-0.356977</td>\n",
       "      <td>0.048788</td>\n",
       "      <td>-0.380051</td>\n",
       "      <td>0.128069</td>\n",
       "      <td>-0.273534</td>\n",
       "      <td>0.291512</td>\n",
       "      <td>-0.444413</td>\n",
       "      <td>-0.441808</td>\n",
       "      <td>-0.177383</td>\n",
       "      <td>1.000000</td>\n",
       "      <td>-0.366087</td>\n",
       "      <td>0.333461</td>\n",
       "    </tr>\n",
       "    <tr>\n",
       "      <th>LSTAT</th>\n",
       "      <td>0.455621</td>\n",
       "      <td>-0.412995</td>\n",
       "      <td>0.603800</td>\n",
       "      <td>-0.053929</td>\n",
       "      <td>0.590879</td>\n",
       "      <td>-0.613808</td>\n",
       "      <td>0.602339</td>\n",
       "      <td>-0.496996</td>\n",
       "      <td>0.488676</td>\n",
       "      <td>0.543993</td>\n",
       "      <td>0.374044</td>\n",
       "      <td>-0.366087</td>\n",
       "      <td>1.000000</td>\n",
       "      <td>-0.737663</td>\n",
       "    </tr>\n",
       "    <tr>\n",
       "      <th>price</th>\n",
       "      <td>-0.388305</td>\n",
       "      <td>0.360445</td>\n",
       "      <td>-0.483725</td>\n",
       "      <td>0.175260</td>\n",
       "      <td>-0.427321</td>\n",
       "      <td>0.695360</td>\n",
       "      <td>-0.376955</td>\n",
       "      <td>0.249929</td>\n",
       "      <td>-0.381626</td>\n",
       "      <td>-0.468536</td>\n",
       "      <td>-0.507787</td>\n",
       "      <td>0.333461</td>\n",
       "      <td>-0.737663</td>\n",
       "      <td>1.000000</td>\n",
       "    </tr>\n",
       "  </tbody>\n",
       "</table>\n",
       "</div>"
      ],
      "text/plain": [
       "             CRIM        ZN     INDUS      CHAS       NOX        RM       AGE  \\\n",
       "CRIM     1.000000 -0.200469  0.406583 -0.055892  0.420972 -0.219247  0.352734   \n",
       "ZN      -0.200469  1.000000 -0.533828 -0.042697 -0.516604  0.311991 -0.569537   \n",
       "INDUS    0.406583 -0.533828  1.000000  0.062938  0.763651 -0.391676  0.644779   \n",
       "CHAS    -0.055892 -0.042697  0.062938  1.000000  0.091203  0.091251  0.086518   \n",
       "NOX      0.420972 -0.516604  0.763651  0.091203  1.000000 -0.302188  0.731470   \n",
       "RM      -0.219247  0.311991 -0.391676  0.091251 -0.302188  1.000000 -0.240265   \n",
       "AGE      0.352734 -0.569537  0.644779  0.086518  0.731470 -0.240265  1.000000   \n",
       "DIS     -0.379670  0.664408 -0.708027 -0.099176 -0.769230  0.205246 -0.747881   \n",
       "RAD      0.625505 -0.311948  0.595129 -0.007368  0.611441 -0.209847  0.456022   \n",
       "TAX      0.582764 -0.314563  0.720760 -0.035587  0.668023 -0.292048  0.506456   \n",
       "PTRATIO  0.289946 -0.391679  0.383248 -0.121515  0.188933 -0.355501  0.261515   \n",
       "B       -0.385064  0.175520 -0.356977  0.048788 -0.380051  0.128069 -0.273534   \n",
       "LSTAT    0.455621 -0.412995  0.603800 -0.053929  0.590879 -0.613808  0.602339   \n",
       "price   -0.388305  0.360445 -0.483725  0.175260 -0.427321  0.695360 -0.376955   \n",
       "\n",
       "              DIS       RAD       TAX   PTRATIO         B     LSTAT     price  \n",
       "CRIM    -0.379670  0.625505  0.582764  0.289946 -0.385064  0.455621 -0.388305  \n",
       "ZN       0.664408 -0.311948 -0.314563 -0.391679  0.175520 -0.412995  0.360445  \n",
       "INDUS   -0.708027  0.595129  0.720760  0.383248 -0.356977  0.603800 -0.483725  \n",
       "CHAS    -0.099176 -0.007368 -0.035587 -0.121515  0.048788 -0.053929  0.175260  \n",
       "NOX     -0.769230  0.611441  0.668023  0.188933 -0.380051  0.590879 -0.427321  \n",
       "RM       0.205246 -0.209847 -0.292048 -0.355501  0.128069 -0.613808  0.695360  \n",
       "AGE     -0.747881  0.456022  0.506456  0.261515 -0.273534  0.602339 -0.376955  \n",
       "DIS      1.000000 -0.494588 -0.534432 -0.232471  0.291512 -0.496996  0.249929  \n",
       "RAD     -0.494588  1.000000  0.910228  0.464741 -0.444413  0.488676 -0.381626  \n",
       "TAX     -0.534432  0.910228  1.000000  0.460853 -0.441808  0.543993 -0.468536  \n",
       "PTRATIO -0.232471  0.464741  0.460853  1.000000 -0.177383  0.374044 -0.507787  \n",
       "B        0.291512 -0.444413 -0.441808 -0.177383  1.000000 -0.366087  0.333461  \n",
       "LSTAT   -0.496996  0.488676  0.543993  0.374044 -0.366087  1.000000 -0.737663  \n",
       "price    0.249929 -0.381626 -0.468536 -0.507787  0.333461 -0.737663  1.000000  "
      ]
     },
     "execution_count": 245,
     "metadata": {},
     "output_type": "execute_result"
    }
   ],
   "source": [
    "df.corr()"
   ]
  },
  {
   "cell_type": "code",
   "execution_count": 246,
   "id": "8ee2835a",
   "metadata": {},
   "outputs": [],
   "source": [
    "# import seaborn as sns\n",
    "# sns.pairplot(df)"
   ]
  },
  {
   "cell_type": "code",
   "execution_count": 247,
   "id": "0e02ac3e",
   "metadata": {},
   "outputs": [
    {
     "data": {
      "text/plain": [
       "<AxesSubplot:xlabel='LSTAT', ylabel='price'>"
      ]
     },
     "execution_count": 247,
     "metadata": {},
     "output_type": "execute_result"
    },
    {
     "data": {
